index 1 0.004228377216332665
United_States_09d4 2 0.0003415194498368205
Geographic_coordinate_system 3 0.0002736556868064413
Biography 4 0.0002314157464984386
2007 5 0.00020047451974344342
France 6 0.0001438979163341942
2008 7 0.0001271140310343763
United_Kingdom_5ad7 8 0.00012594772853051877
Biological_classification 9 0.00012568072728003942
Music_genre 10 0.00012280147803789987
Record_label 11 0.00012242464040629518
England 12 0.00011040874100665621
2006 13 0.00011032342646763629
Canada 14 9.509534450577992e-05
2005 15 8.799236407176e-05
Internet_Movie_Database_7ea7 16 8.660619153583507e-05
Binomial_nomenclature 17 8.168445207454593e-05
India 18 7.678684030548847e-05
Australia 19 7.663094963843782e-05
Personal_name 20 7.531947055501103e-05
Germany 21 7.371468618191483e-05
Departments_of_France_f3ab 22 7.105005394499012e-05
Studio_album 23 6.991665263437093e-05
Village 24 6.581522144257194e-05
2004 25 6.580453975316413e-05
Japan 26 6.39275264180875e-05
Football_%28soccer%29 27 6.363498061139437e-05
Record_producer 28 6.2980062531739e-05
English_language 29 5.553525249963052e-05
2003 30 5.369813788328659e-05
Conservation_status 31 5.360014789569282e-05
Politician 32 5.331394823335953e-05
Population_density 33 4.722709850713828e-05
2001 34 4.720790378708022e-05
London 35 4.70615158932715e-05
Animal 36 4.7005111814338504e-05
Europe 37 4.661881462505685e-05
Italy 38 4.630003971368638e-05
World_War_II_d045 39 4.590461111276464e-05
Album 40 4.559286257585841e-05
Website 41 4.535799224753349e-05
2002 42 4.460061823997455e-05
Wiktionary 43 4.4274845283821525e-05
Romania 44 4.425617042941275e-05
Metre 45 4.415924861520646e-05
1999 46 4.107818344499467e-05
2000 47 4.096758420203373e-05
Time_zone 48 4.0932937127012716e-05
Public_domain 49 3.9694021087814956e-05
Plant 50 3.838834580216913e-05
Square_mile 51 3.731107467745687e-05
Spain 52 3.697347275022961e-05
Elevation 53 3.695677603616245e-05
Actor 54 3.6783218766804134e-05
Area 55 3.623435919059511e-05
Square_kilometer 56 3.574320051248064e-05
1998 57 3.4786423529702786e-05
Television 58 3.4612670314191686e-05
Digital_object_identifier 59 3.4476119242285574e-05
Population 60 3.439488473726333e-05
New_York_City_1428 61 3.4391367007123724e-05
Poland 62 3.437165919139602e-05
New_York_3da4 63 3.417921804378182e-05
Flowering_plant 64 3.382879830299127e-05
California 65 3.377216208100404e-05
Sweden 66 3.374571433697443e-05
Scotland 67 3.370943328165523e-05
Film 68 3.321511365608543e-05
China 69 3.3019151419813865e-05
Norway 70 3.272038282781131e-05
Animalia 71 3.229261710573792e-05
Russia 72 3.1864527627279736e-05
Brazil 73 3.1611508326582886e-05
1997 74 3.1610773135684444e-05
1996 75 3.061759517320846e-05
List_of_countries 76 3.0028609652267954e-05
New_Zealand_2311 77 2.9812172136782247e-05
Chordata 78 2.9769124321922588e-05
Foot_%28unit_of_length%29 79 2.901078372610615e-05
All_Music_Guide_0e49 80 2.9006462702226096e-05
Writer 81 2.8940941751010848e-05
Netherlands 82 2.8384951439352323e-05
1995 83 2.8249984204562443e-05
Census 84 2.8198669057164543e-05
Building 85 2.8187275373720147e-05
School 86 2.7857681690967154e-05
Tributary 87 2.7792037685775508e-05
Ireland 88 2.752013689262717e-05
Magnoliopsida 89 2.7313479720079915e-05
Endemism 90 2.5748274111512976e-05
1994 91 2.5595684027560974e-05
Rock_music 92 2.5281993095329306e-05
Poet 93 2.4928928228596375e-05
Single_%28music%29 94 2.4753099265322516e-05
1982 95 2.467306148465313e-05
1992 96 2.4569336728630925e-05
USA_f75d 97 2.4495903284393682e-05
1991 98 2.4484909956800683e-05
1990 99 2.4176252634769892e-05
Paris 100 2.4078780793735323e-05
